0 0.424625
0.01 0.410562
0.02 0.3965
0.03 0.382437
0.04 0.387481
0.05 0.421185
0.06 0.454889
0.07 0.531719
0.08 0.627031
0.09 0.722344
0.1 0.770227
0.11 0.770682
0.12 0.771136
0.13 0.771591
0.14 0.771906
0.15 0.770969
0.16 0.770031
0.17 0.769094
0.18 0.80788
0.19 0.85108
0.2 0.858167
0.21 0.811083
0.22 0.764
0.23 0.741368
0.24 0.718737
0.25 0.696105
0.26 0.682054
0.27 0.702324
0.28 0.722595
0.29 0.742865
0.3 0.759744
0.31 0.773233
0.32 0.786721
0.33 0.800209
0.34 0.806696
0.35 0.785174
0.36 0.763652
0.37 0.74213
0.38 0.720609
0.39 0.670182
0.4 0.600485
0.41 0.530788
0.42 0.478432
0.43 0.466541
0.44 0.454649
0.45 0.442757
0.46 0.4632
0.47 0.5052
0.48 0.5472
0.49 0.578909
0.5 0.518
0.51 0.457091
0.52 0.467615
0.53 0.486077
0.54 0.504538
0.55 0.523
0.56 0.505857
0.57 0.488714
0.58 0.471571
0.59 0.454429
0.6 0.562
0.61 0.70075
0.62 0.8395
0.63 0.97825
0.64 1.04236
0.65 1.08782
0.66 1.13327
0.67 1.19912
0.68 1.28538
0.69 1.37163
0.7 1.453
0.71 1.523
0.72 1.593
0.73 1.663
0.74 1.6245
0.75 1.586
0.76 1.5475
0.77 1.509
0.78 1.58156
0.79 1.65413
0.8 1.72669
0.81 1.793
0.82 1.803
0.83 1.813
0.84 1.823
0.85 1.833
0.86 1.843
0.87 1.92474
0.88 2.01444
0.89 2.10415
0.9 2.22466
0.91 2.37597
0.92 2.52729
0.93 2.67861
0.94 2.76888
0.95 2.833
0.96 2.89712
0.97 2.95969
0.98 3.01867
0.99 3.07764
1 3.13662
1.01 3.22681
1.02 3.36384
1.03 3.50086
1.04 3.63789
1.05 3.71557
1.06 3.76782
1.07 3.82006
1.08 3.87231
1.09 3.92455
1.1 4.04826
1.11 4.18984
1.12 4.33142
1.13 4.473
1.14 4.60084
1.15 4.72869
1.16 4.85653
1.17 4.98437
1.18 5.11222
1.19 5.28585
1.2 5.46456
1.21 5.64328
1.22 5.822
1.23 6.0027
1.24 6.1834
1.25 6.36409
1.26 6.54479
1.27 6.84057
1.28 7.18568
1.29 7.53079
1.3 7.87589
1.31 8.221
1.32 8.56736
1.33 8.91373
1.34 9.26009
1.35 9.63915
1.36 10.0322
1.37 10.4233
1.38 10.7961
1.39 11.169
1.4 11.5705
1.41 12.0388
1.42 12.5072
1.43 12.8889
1.44 13.2609
1.45 13.633
1.46 14.38
1.47 15.1269
1.48 15.8277
1.49 16.5088
1.5 17.1899
1.51 17.808
1.52 18.419
1.53 19.0653
1.54 20.0288
1.55 20.9923
1.56 21.9145
1.57 22.7954
1.58 23.6989
1.59 24.636
1.6 25.5731
1.61 26.62
1.62 27.74
1.63 28.7798
1.64 29.7661
1.65 30.9787
1.66 32.2882
1.67 33.3877
1.68 34.3973
1.69 35.4652
1.7 36.6692
1.71 37.8856
1.72 39.131
1.73 40.3765
1.74 41.5763
1.75 42.7711
1.76 44.0344
1.77 45.5712
1.78 47.0864
1.79 48.5509
1.8 50.0179
1.81 51.5068
1.82 53.1099
1.83 54.9794
1.84 56.8285
1.85 58.6301
1.86 60.496
1.87 62.4585
1.88 64.5305
1.89 66.6205
1.9 68.6728
1.91 70.8398
1.92 73.0804
1.93 75.1575
1.94 77.2707
1.95 79.4202
1.96 81.62
1.97 83.8731
1.98 86.1546
1.99 88.6391
2 91.0646
2.01 93.2711
2.02 95.523
2.03 98.0051
2.04 100.823
2.05 103.021
2.06 105.509
2.07 108.325
2.08 111.079
2.09 113.353
2.1 115.962
2.11 118.765
2.12 121.608
2.13 124.51
2.14 127.37
2.15 130.143
2.16 133.146
2.17 136.365
2.18 139.307
2.19 142.57
2.2 146.102
2.21 149.135
2.22 152.216
2.23 156.012
2.24 159.453
2.25 162.56
2.26 165.413
2.27 168.434
2.28 172.23
2.29 175.936
2.3 179.329
2.31 182.62
2.32 186.677
2.33 191.373
2.34 195.224
2.35 199.233
2.36 202.989
2.37 206.763
2.38 210.393
2.39 211.885
2.4 212.153
2.41 211.251
2.42 207.407
2.43 200.415
2.44 191.435
2.45 182.716
2.46 170.254
2.47 158.128
2.48 147.47
2.49 138.042
2.5 126.922
2.51 119.406
2.52 111.095
2.53 102.663
2.54 97.0242
2.55 91.3525
2.56 84.408
2.57 79.3235
2.58 74.2186
2.59 69.079
2.6 65.402
2.61 61.264
2.62 57.2678
2.63 54.128
2.64 51.3217
2.65 48.7202
2.66 46.0349
2.67 43.8922
2.68 41.736
2.69 39.879
2.7 38.025
2.71 36.2482
2.72 34.4662
2.73 33.244
2.74 31.6631
2.75 29.9613
2.76 28.5682
2.77 26.919
2.78 25.6715
2.79 24.6489
2.8 23.5834
2.81 22.3692
2.82 21.6182
2.83 21.0655
2.84 20.0944
2.85 19.2381
2.86 18.711
2.87 18.1387
2.88 17.4611
2.89 16.7835
2.9 16.3661
2.91 16.0137
2.92 15.5219
2.93 14.9704
2.94 14.5448
2.95 14.173
2.96 13.8128
2.97 13.4699
2.98 13.127
2.99 12.8318
3 12.5366
3.01 12.2056
3.02 11.8388
3.03 11.472
3.04 11.2656
3.05 11.0591
3.06 10.8527
3.07 10.6464
3.08 10.44
3.09 10.2004
3.1 9.96087
3.11 9.82796
3.12 9.74076
3.13 9.61444
3.14 9.33164
3.15 9.04884
3.16 8.845
3.17 8.675
3.18 8.50753
3.19 8.36287
3.2 8.2182
3.21 8.07126
3.22 7.90384
3.23 7.73642
3.24 7.569
3.25 7.484
3.26 7.399
3.27 7.314
3.28 7.13525
3.29 6.894
3.3 6.65275
3.31 6.50894
3.32 6.51129
3.33 6.51365
3.34 6.516
3.35 6.47439
3.36 6.43277
3.37 6.39116
3.38 6.32371
3.39 6.25339
3.4 6.18306
3.41 6.13505
3.42 6.09262
3.43 6.05019
3.44 5.99663
3.45 5.84287
3.46 5.68913
3.47 5.53537
3.48 5.45063
3.49 5.37354
