0 0.578788
0.01 0.671212
0.02 0.763636
0.03 0.856061
0.04 0.927659
0.05 0.915951
0.06 0.904244
0.07 0.892537
0.08 0.879094
0.09 0.850031
0.1 0.820969
0.11 0.791906
0.12 0.776
0.13 0.761556
0.14 0.747111
0.15 0.72914
0.16 0.70294
0.17 0.67674
0.18 0.65054
0.19 0.62434
0.2 0.606158
0.21 0.606684
0.22 0.607211
0.23 0.607737
0.24 0.633179
0.25 0.683536
0.26 0.733893
0.27 0.743436
0.28 0.735487
0.29 0.727538
0.3 0.71959
0.31 0.75256
0.32 0.79576
0.33 0.812385
0.34 0.767
0.35 0.721615
0.36 0.742243
0.37 0.791162
0.38 0.840081
0.39 0.889
0.4 0.814769
0.41 0.740538
0.42 0.69104
0.43 0.67864
0.44 0.66624
0.45 0.592437
0.46 0.511812
0.47 0.431187
0.48 0.479414
0.49 0.582862
0.5 0.68631
0.51 0.662294
0.52 0.605059
0.53 0.535647
0.54 0.515429
0.55 0.569
0.56 0.622571
0.57 0.635652
0.58 0.621739
0.59 0.601286
0.6 0.565571
0.61 0.538778
0.62 0.547667
0.63 0.556556
0.64 0.561357
0.65 0.562033
0.66 0.562367
0.67 0.5627
0.68 0.574345
0.69 0.687793
0.7 0.801241
0.71 0.911436
0.72 1.00862
0.73 1.10579
0.74 1.20297
0.75 1.31566
0.76 1.46451
0.77 1.61337
0.78 1.76223
0.79 1.86
0.8 1.945
0.81 2.05744
0.82 2.27967
0.83 2.50189
0.84 2.84223
0.85 3.30069
0.86 3.75915
0.87 4.23274
0.88 4.708
0.89 5.23326
0.9 5.76738
0.91 6.38123
0.92 6.99508
0.93 7.68079
0.94 8.43838
0.95 9.19597
0.96 10.3835
0.97 11.6358
0.98 12.5553
0.99 13.8369
1 15.4806
1.01 17.1025
1.02 18.8745
1.03 21.2568
1.04 23.801
1.05 26.507
1.06 28.947
1.07 31.7256
1.08 35.012
1.09 38.4247
1.1 41.5829
1.11 44.58
1.12 47.95
1.13 50.7335
1.14 53.2834
1.15 55.8747
1.16 58.8614
1.17 61.989
1.18 64.8605
1.19 67.388
1.2 70.0766
1.21 73.1577
1.22 75.6046
1.23 78.4367
1.24 81.4016
1.25 84.2925
1.26 86.7898
1.27 89.2632
1.28 91.843
1.29 94.598
1.3 97.0217
1.31 99.5868
1.32 102.363
1.33 105.131
1.34 107.782
1.35 110.602
1.36 113.568
1.37 116.239
1.38 118.776
1.39 121.538
1.4 124.084
1.41 126.66
1.42 129.293
1.43 131.909
1.44 134.454
1.45 136.782
1.46 139.179
1.47 141.715
1.48 144.669
1.49 147.39
1.5 149.843
1.51 152.409
1.52 154.793
1.53 157.101
1.54 159.714
1.55 162.454
1.56 165.033
1.57 167.38
1.58 169.709
1.59 171.892
1.6 174.268
1.61 176.799
1.62 179.431
1.63 181.783
1.64 184.065
1.65 186.567
1.66 189.306
1.67 191.75
1.68 194.306
1.69 197.199
1.7 199.369
1.71 201.452
1.72 203.592
1.73 206.923
1.74 209.298
1.75 211.621
1.76 213.902
1.77 216.102
1.78 218.675
1.79 221.157
1.8 223.128
1.81 226.332
1.82 228.881
1.83 231.015
1.84 233.347
1.85 236.018
1.86 238.489
1.87 240.439
1.88 243.228
1.89 245.468
1.9 247.744
1.91 250.476
1.92 252.637
1.93 254.842
1.94 257.199
1.95 259.467
1.96 261.698
1.97 263.884
1.98 266.015
1.99 268.329
2 270.658
2.01 272.713
2.02 274.989
2.03 277.412
2.04 279.724
2.05 282.007
2.06 284.333
2.07 286.781
2.08 289.072
2.09 291.262
2.1 293.398
2.11 295.544
2.12 297.931
2.13 300.313
2.14 302.627
2.15 304.951
2.16 307.285
2.17 309.75
2.18 312.051
2.19 314.227
2.2 316.419
2.21 318.608
2.22 320.983
2.23 323.483
2.24 326.005
2.25 328.662
2.26 331.646
2.27 333.921
2.28 336.085
2.29 338.2
2.3 340.235
2.31 343.047
2.32 345.659
2.33 347.677
2.34 349.792
2.35 351.967
2.36 354.175
2.37 356.314
2.38 359.057
2.39 357.967
2.4 350.412
2.41 340.214
2.42 323.501
2.43 305.961
2.44 283.717
2.45 262.872
2.46 242.105
2.47 220.614
2.48 202.142
2.49 187.584
2.5 173.123
2.51 158.383
2.52 146.322
2.53 135.759
2.54 125.372
2.55 115.823
2.56 107.359
2.57 100.563
2.58 94.6052
2.59 88.6109
2.6 81.983
2.61 76.3276
2.62 71.347
2.63 67.0715
2.64 63.6022
2.65 59.8236
2.66 56.608
2.67 53.4858
2.68 50.9842
2.69 48.2338
2.7 46.2119
2.71 44.1745
2.72 42.1313
2.73 40.4626
2.74 38.6272
2.75 36.7498
2.76 35.1383
2.77 33.6025
2.78 32.3697
2.79 31.137
2.8 30.2374
2.81 29.3378
2.82 28.3558
2.83 27.3188
2.84 26.43
2.85 25.64
2.86 24.8517
2.87 24.0791
2.88 23.3065
2.89 22.624
2.9 21.964
2.91 21.265
2.92 20.475
2.93 19.717
2.94 19.247
2.95 18.777
2.96 18.331
2.97 17.891
2.98 17.419
2.99 16.8725
3 16.326
3.01 16.0278
3.02 15.7296
3.03 15.387
3.04 14.867
3.05 14.347
3.06 13.9039
3.07 13.7687
3.08 13.6334
3.09 13.4981
3.1 13.179
3.11 12.7374
3.12 12.2958
3.13 11.8542
3.14 11.6965
3.15 11.5704
3.16 11.4443
3.17 11.3182
3.18 11.0876
3.19 10.8308
3.2 10.5741
3.21 10.3706
3.22 10.2471
3.23 10.1236
3.24 10.0001
3.25 9.81088
3.26 9.59358
3.27 9.38368
3.28 9.24043
3.29 9.09719
3.3 8.95395
3.31 8.79821
3.32 8.62372
3.33 8.44924
3.34 8.35419
3.35 8.33856
3.36 8.32294
3.37 8.29391
3.38 8.23359
3.39 8.17328
3.4 8.1003
3.41 7.91325
3.42 7.7262
3.43 7.53916
3.44 7.35211
3.45 7.18666
3.46 7.03045
3.47 6.87424
3.48 6.891
3.49 6.951
