0 0.750848
0.01 0.747152
0.02 0.743457
0.03 0.739761
0.04 0.736065
0.05 0.73237
0.06 0.782108
0.07 0.837784
0.08 0.893459
0.09 0.93986
0.1 0.949163
0.11 0.958465
0.12 0.967767
0.13 0.97707
0.14 0.9816
0.15 0.9856
0.16 0.9896
0.17 0.9936
0.18 1.04109
0.19 1.15382
0.2 1.26655
0.21 1.36187
0.22 1.30052
0.23 1.23917
0.24 1.17783
0.25 1.11648
0.26 1.05513
0.27 1.05003
0.28 1.05117
0.29 1.05231
0.3 1.05576
0.31 1.06267
0.32 1.06957
0.33 1.07648
0.34 1.0889
0.35 1.1234
0.36 1.1579
0.37 1.1924
0.38 1.21167
0.39 1.17005
0.4 1.12842
0.41 1.08679
0.42 1.04516
0.43 1.03357
0.44 1.0253
0.45 0.992
0.46 0.942
0.47 0.892
0.48 0.858
0.49 0.848
0.5 0.82
0.51 0.78
0.52 0.74
0.53 0.729231
0.54 0.718462
0.55 0.736933
0.56 0.799267
0.57 0.8616
0.58 0.863909
0.59 0.776182
0.6 0.715724
0.61 0.764345
0.62 0.812966
0.63 0.837586
0.64 0.806207
0.65 0.774828
0.66 0.75675
0.67 0.758625
0.68 0.7605
0.69 0.762294
0.7 0.763765
0.71 0.765235
0.72 0.766706
0.73 0.857057
0.74 0.969629
0.75 1.0822
0.76 1.12378
0.77 0.999704
0.78 0.87563
0.79 0.905935
0.8 1.03916
0.81 1.17239
0.82 1.2518
0.83 1.27741
0.84 1.30302
0.85 1.32863
0.86 1.45319
0.87 1.72615
0.88 1.99911
0.89 2.33767
0.9 2.70433
0.91 3.071
0.92 3.64352
0.93 4.30426
0.94 4.965
0.95 5.65763
0.96 6.33682
0.97 6.89504
0.98 7.45325
0.99 8.10167
1 8.96056
1.01 9.81944
1.02 10.6875
1.03 11.5617
1.04 12.4359
1.05 13.5332
1.06 14.8536
1.07 16.1356
1.08 17.0721
1.09 18.0085
1.1 18.9894
1.11 20.0741
1.12 21.1587
1.13 22.2091
1.14 23.1795
1.15 24.1498
1.16 25.1283
1.17 26.115
1.18 27.1017
1.19 28.0443
1.2 28.9759
1.21 29.897
1.22 30.7935
1.23 31.6901
1.24 32.6143
1.25 33.5802
1.26 34.546
1.27 35.4869
1.28 36.4277
1.29 37.3472
1.3 38.2576
1.31 39.1679
1.32 40.098
1.33 41.0365
1.34 41.975
1.35 42.8679
1.36 43.7608
1.37 44.8156
1.38 45.9781
1.39 47.1407
1.4 48.067
1.41 48.967
1.42 49.867
1.43 50.8107
1.44 51.7594
1.45 52.708
1.46 53.6264
1.47 54.4746
1.48 55.3227
1.49 56.2463
1.5 57.22
1.51 58.1932
1.52 59.1645
1.53 60.1358
1.54 61.0371
1.55 61.9211
1.56 62.805
1.57 63.7074
1.58 64.6097
1.59 65.5121
1.6 66.3973
1.61 67.271
1.62 68.1448
1.63 69.0467
1.64 69.991
1.65 70.9353
1.66 71.8739
1.67 72.8087
1.68 73.7436
1.69 74.6048
1.7 75.3924
1.71 76.1799
1.72 77.007
1.73 77.992
1.74 78.977
1.75 79.7859
1.76 80.4775
1.77 81.169
1.78 82.0721
1.79 82.9752
1.8 83.8718
1.81 84.7589
1.82 85.646
1.83 86.7225
1.84 87.799
1.85 88.766
1.86 89.686
1.87 90.594
1.88 91.3944
1.89 92.1948
1.9 93.047
1.91 93.9511
1.92 94.8552
1.93 95.7682
1.94 96.702
1.95 97.6358
1.96 98.5612
1.97 99.4828
1.98 100.404
1.99 101.398
2 102.422
2.01 103.359
2.02 104.208
2.03 105.057
2.04 105.893
2.05 106.678
2.06 107.464
2.07 108.249
2.08 109.133
2.09 110.043
2.1 110.952
2.11 111.881
2.12 112.81
2.13 113.626
2.14 114.392
2.15 115.181
2.16 116.169
2.17 117.157
2.18 118.087
2.19 118.88
2.2 119.672
2.21 120.671
2.22 121.721
2.23 122.569
2.24 123.417
2.25 124.281
2.26 125.145
2.27 125.944
2.28 126.739
2.29 127.493
2.3 128.246
2.31 129.15
2.32 130.118
2.33 130.937
2.34 131.606
2.35 132.312
2.36 133.34
2.37 134.214
2.38 134.471
2.39 133.995
2.4 131.944
2.41 127.244
2.42 122.754
2.43 116.615
2.44 108.897
2.45 100.579
2.46 93.6698
2.47 86.9235
2.48 79.7603
2.49 73.7287
2.5 68.5145
2.51 63.664
2.52 58.786
2.53 54.3053
2.54 50.7279
2.55 47.0045
2.56 43.3642
2.57 40.5257
2.58 38.024
2.59 36.084
2.6 34.0111
2.61 31.8336
2.62 29.7224
2.63 28.058
2.64 26.6263
2.65 25.2907
2.66 24.0039
2.67 22.7573
2.68 21.53
2.69 20.6118
2.7 19.6976
2.71 18.7928
2.72 17.8747
2.73 16.9365
2.74 16.2754
2.75 15.733
2.76 15.1969
2.77 14.6021
2.78 13.7725
2.79 12.943
2.8 12.3962
2.81 11.8494
2.82 11.6624
2.83 11.5654
2.84 11.2977
2.85 10.9874
2.86 10.6771
2.87 10.4059
2.88 10.1446
2.89 9.88322
2.9 9.60784
2.91 9.20621
2.92 8.80458
2.93 8.40295
2.94 8.00133
2.95 7.82203
2.96 7.69831
2.97 7.5746
2.98 7.4325
2.99 7.2475
3 7.0625
3.01 6.92317
3.02 6.8295
3.03 6.73583
3.04 6.61913
3.05 6.47937
3.06 6.33963
3.07 6.19987
3.08 6.02986
3.09 5.82958
3.1 5.62931
3.11 5.42903
3.12 5.33329
3.13 5.24918
3.14 5.16506
3.15 5.09153
3.16 5.02859
3.17 4.96565
3.18 4.89487
3.19 4.75362
3.2 4.61237
3.21 4.47112
3.22 4.33982
3.23 4.29804
3.24 4.25625
3.25 4.24265
3.26 4.29481
3.27 4.34697
3.28 4.39914
3.29 4.354
3.3 4.244
3.31 4.134
3.32 4.03943
3.33 3.95514
3.34 3.87086
3.35 3.92493
3.36 4.0136
3.37 4.10227
3.38 4.0276
3.39 3.9121
3.4 3.7966
3.41 3.6811
3.42 3.66117
3.43 3.66513
3.44 3.66908
3.45 3.67304
3.46 3.677
3.47 3.66024
3.48 3.64349
3.49 3.62673
